10	0.001	628.19
31.1111	0.001	1284.58
52.2222	0.001	1666.07
73.3333	0.001	1938.07
94.4444	0.001	2150.53
115.556	0.001	2325.3
136.667	0.001	2473.98
157.778	0.001	2603.49
178.889	0.001	2718.3
200	0.001	2821.46
10	0.012	364.744
31.1111	0.012	268.23
52.2222	0.012	345.495
73.3333	0.012	438.066
94.4444	0.012	527.76
115.556	0.012	611.391
136.667	0.012	688.784
157.778	0.012	760.463
178.889	0.012	827.077
200	0.012	889.235
10	0.023	555.243
31.1111	0.023	281.252
52.2222	0.023	261.054
73.3333	0.023	289.691
94.4444	0.023	332.943
115.556	0.023	380.693
136.667	0.023	429.191
157.778	0.023	476.902
178.889	0.023	523.183
200	0.023	567.787
10	0.034	697.985
31.1111	0.034	344.196
52.2222	0.034	269.355
73.3333	0.034	259.651
94.4444	0.034	273.994
115.556	0.034	298.849
136.667	0.034	328.578
157.778	0.034	360.503
178.889	0.034	393.243
200	0.034	426.051
10	0.045	806.707
31.1111	0.045	411.481
52.2222	0.045	301.323
73.3333	0.045	265.324
94.4444	0.045	259.215
115.556	0.045	267.54
136.667	0.045	283.517
157.778	0.045	303.745
178.889	0.045	326.362
200	0.045	350.285
10	0.056	892.766
31.1111	0.056	474.88
52.2222	0.056	340.277
73.3333	0.056	284.982
94.4444	0.056	263.434
115.556	0.056	259.053
136.667	0.056	264.322
157.778	0.056	275.352
178.889	0.056	289.945
200	0.056	306.779
10	0.067	963.071
31.1111	0.067	532.836
52.2222	0.067	380.629
73.3333	0.067	310.589
94.4444	0.067	276.91
115.556	0.067	262.378
136.667	0.067	258.99
157.778	0.067	262.516
178.889	0.067	270.517
200	0.067	281.494
10	0.078	1021.93
31.1111	0.078	585.433
52.2222	0.078	420.232
73.3333	0.078	338.617
94.4444	0.078	295.148
115.556	0.078	272.288
136.667	0.078	261.719
157.778	0.078	258.969
178.889	0.078	261.418
200	0.078	267.436
10	0.089	1072.17
31.1111	0.089	633.184
52.2222	0.089	458.232
73.3333	0.089	367.36
94.4444	0.089	315.837
115.556	0.089	286.013
136.667	0.089	269.373
157.778	0.089	261.275
178.889	0.089	258.966
200	0.089	260.71
10	0.1	1115.72
31.1111	0.1	676.668
52.2222	0.1	494.322
73.3333	0.1	395.946
94.4444	0.1	337.701
115.556	0.1	301.969
136.667	0.1	280.125
157.778	0.1	267.405
178.889	0.1	260.959
200	0.1	258.971
