8	1.5	645.609
8.08163	1.5	656.276
8.16327	1.5	667.108
8.2449	1.5	677.995
8.32653	1.5	688.832
8.40816	1.5	699.508
8.4898	1.5	709.915
8.57143	1.5	719.948
8.65306	1.5	729.509
8.73469	1.5	738.51
8.81633	1.5	746.881
8.89796	1.5	754.573
8.97959	1.5	761.568
9.06122	1.5	767.876
9.14286	1.5	773.544
9.22449	1.5	778.652
9.30612	1.5	783.305
9.38776	1.5	787.63
9.46939	1.5	791.762
9.55102	1.5	795.84
9.63265	1.5	799.997
9.71429	1.5	804.355
9.79592	1.5	809.022
9.87755	1.5	814.096
9.95918	1.5	819.66
10.0408	1.5	825.789
10.1224	1.5	832.547
10.2041	1.5	839.99
10.2857	1.5	848.169
10.3673	1.5	857.128
10.449	1.5	866.904
10.5306	1.5	877.527
10.6122	1.5	889.015
10.6939	1.5	901.364
10.7755	1.5	914.542
10.8571	1.5	928.463
10.9388	1.5	942.984
11.0204	1.5	957.888
11.102	1.5	972.913
11.1837	1.5	987.811
11.2653	1.5	1002.45
11.3469	1.5	1016.93
11.4286	1.5	1031.63
11.5102	1.5	1047.03
11.5918	1.5	1063.45
11.6735	1.5	1080.9
11.7551	1.5	1099.26
11.8367	1.5	1118.47
11.9184	1.5	1138.56
12	1.5	1159.62
8	1.54082	670.566
8.08163	1.54082	682.647
8.16327	1.54082	695.415
8.2449	1.54082	708.82
8.32653	1.54082	722.797
8.40816	1.54082	737.26
8.4898	1.54082	752.108
8.57143	1.54082	767.224
8.65306	1.54082	782.475
8.73469	1.54082	797.712
8.81633	1.54082	812.774
8.89796	1.54082	827.488
8.97959	1.54082	841.674
9.06122	1.54082	855.154
9.14286	1.54082	867.758
9.22449	1.54082	879.338
9.30612	1.54082	889.78
9.38776	1.54082	899.017
9.46939	1.54082	907.033
9.55102	1.54082	913.876
9.63265	1.54082	919.661
9.71429	1.54082	924.562
9.79592	1.54082	928.806
9.87755	1.54082	932.645
9.95918	1.54082	936.331
10.0408	1.54082	940.096
10.1224	1.54082	944.138
10.2041	1.54082	948.622
10.2857	1.54082	953.681
10.3673	1.54082	959.426
10.449	1.54082	965.955
10.5306	1.54082	973.361
10.6122	1.54082	981.738
10.6939	1.54082	991.185
10.7755	1.54082	1001.81
10.8571	1.54082	1013.71
10.9388	1.54082	1026.99
11.0204	1.54082	1041.74
11.102	1.54082	1058.02
11.1837	1.54082	1075.9
11.2653	1.54082	1095.37
11.3469	1.54082	1116.4
11.4286	1.54082	1138.87
11.5102	1.54082	1162.57
11.5918	1.54082	1187.17
11.6735	1.54082	1212.25
11.7551	1.54082	1237.35
11.8367	1.54082	1262.12
11.9184	1.54082	1286.45
12	1.54082	1310.7
8	1.58163	594.694
8.08163	1.58163	605.577
8.16327	1.58163	617.85
8.2449	1.58163	631.531
8.32653	1.58163	646.635
8.40816	1.58163	663.172
8.4898	1.58163	681.13
8.57143	1.58163	700.466
8.65306	1.58163	721.088
8.73469	1.58163	742.863
8.81633	1.58163	765.626
8.89796	1.58163	789.186
8.97959	1.58163	813.336
9.06122	1.58163	837.853
9.14286	1.58163	862.495
9.22449	1.58163	887.005
9.30612	1.58163	911.109
9.38776	1.58163	934.523
9.46939	1.58163	956.955
9.55102	1.58163	978.123
9.63265	1.58163	997.765
9.71429	1.58163	1015.66
9.79592	1.58163	1031.68
9.87755	1.58163	1045.74
9.95918	1.58163	1057.88
10.0408	1.58163	1068.23
10.1224	1.58163	1076.99
10.2041	1.58163	1084.44
10.2857	1.58163	1090.92
10.3673	1.58163	1096.8
10.449	1.58163	1102.46
10.5306	1.58163	1108.19
10.6122	1.58163	1114.22
10.6939	1.58163	1120.72
10.7755	1.58163	1127.8
10.8571	1.58163	1135.56
10.9388	1.58163	1144.11
11.0204	1.58163	1153.54
11.102	1.58163	1163.99
11.1837	1.58163	1175.6
11.2653	1.58163	1188.57
11.3469	1.58163	1203.1
11.4286	1.58163	1219.43
11.5102	1.58163	1237.78
11.5918	1.58163	1258.35
11.6735	1.58163	1281.35
11.7551	1.58163	1306.9
11.8367	1.58163	1335.05
11.9184	1.58163	1365.74
12	1.58163	1398.8
8	1.62245	466.632
8.08163	1.62245	474.471
8.16327	1.62245	484.301
8.2449	1.62245	496.2
8.32653	1.62245	510.214
8.40816	1.62245	526.347
8.4898	1.62245	544.574
8.57143	1.62245	564.847
8.65306	1.62245	587.129
8.73469	1.62245	611.419
8.81633	1.62245	637.756
8.89796	1.62245	666.178
8.97959	1.62245	696.642
9.06122	1.62245	728.977
9.14286	1.62245	762.908
9.22449	1.62245	798.112
9.30612	1.62245	834.26
9.38776	1.62245	871.021
9.46939	1.62245	908.068
9.55102	1.62245	945.06
9.63265	1.62245	981.645
9.71429	1.62245	1017.46
9.79592	1.62245	1052.11
9.87755	1.62245	1085.24
9.95918	1.62245	1116.45
10.0408	1.62245	1145.41
10.1224	1.62245	1171.84
10.2041	1.62245	1195.5
10.2857	1.62245	1216.34
10.3673	1.62245	1234.38
10.449	1.62245	1249.84
10.5306	1.62245	1263.01
10.6122	1.62245	1274.24
10.6939	1.62245	1283.95
10.7755	1.62245	1292.56
10.8571	1.62245	1300.5
10.9388	1.62245	1308.19
11.0204	1.62245	1315.92
11.102	1.62245	1323.86
11.1837	1.62245	1332.1
11.2653	1.62245	1340.72
11.3469	1.62245	1349.8
11.4286	1.62245	1359.44
11.5102	1.62245	1369.76
11.5918	1.62245	1380.98
11.6735	1.62245	1393.37
11.7551	1.62245	1407.29
11.8367	1.62245	1423.06
11.9184	1.62245	1441.06
12	1.62245	1461.73
8	1.66327	352.554
8.08163	1.66327	355.138
8.16327	1.66327	359.848
8.2449	1.66327	366.837
8.32653	1.66327	376.236
8.40816	1.66327	388.153
8.4898	1.66327	402.671
8.57143	1.66327	419.845
8.65306	1.66327	439.69
8.73469	1.66327	462.175
8.81633	1.66327	487.213
8.89796	1.66327	514.679
8.97959	1.66327	544.447
9.06122	1.66327	576.457
9.14286	1.66327	610.784
9.22449	1.66327	647.642
9.30612	1.66327	687.252
9.38776	1.66327	729.627
9.46939	1.66327	774.464
9.55102	1.66327	821.281
9.63265	1.66327	869.572
9.71429	1.66327	918.864
9.79592	1.66327	968.703
9.87755	1.66327	1018.64
9.95918	1.66327	1068.23
10.0408	1.66327	1117.03
10.1224	1.66327	1164.56
10.2041	1.66327	1210.35
10.2857	1.66327	1253.92
10.3673	1.66327	1294.82
10.449	1.66327	1332.63
10.5306	1.66327	1367.05
10.6122	1.66327	1397.85
10.6939	1.66327	1424.94
10.7755	1.66327	1448.48
10.8571	1.66327	1468.76
10.9388	1.66327	1486.21
11.0204	1.66327	1501.37
11.102	1.66327	1514.72
11.1837	1.66327	1526.71
11.2653	1.66327	1537.81
11.3469	1.66327	1548.4
11.4286	1.66327	1558.77
11.5102	1.66327	1569.09
11.5918	1.66327	1579.37
11.6735	1.66327	1589.56
11.7551	1.66327	1599.64
11.8367	1.66327	1609.65
11.9184	1.66327	1619.77
12	1.66327	1630.28
8	1.70408	299.161
8.08163	1.70408	293.219
8.16327	1.70408	289.174
8.2449	1.70408	287.378
8.32653	1.70408	288.134
8.40816	1.70408	291.675
8.4898	1.70408	298.168
8.57143	1.70408	307.717
8.65306	1.70408	320.38
8.73469	1.70408	336.184
8.81633	1.70408	355.141
8.89796	1.70408	377.247
8.97959	1.70408	402.474
9.06122	1.70408	430.752
9.14286	1.70408	461.95
9.22449	1.70408	495.88
9.30612	1.70408	532.332
9.38776	1.70408	571.172
9.46939	1.70408	612.473
9.55102	1.70408	656.605
9.63265	1.70408	704.137
9.71429	1.70408	755.471
9.79592	1.70408	810.451
9.87755	1.70408	868.438
9.95918	1.70408	928.684
10.0408	1.70408	990.501
10.1224	1.70408	1053.26
10.2041	1.70408	1116.36
10.2857	1.70408	1179.21
10.3673	1.70408	1241.2
10.449	1.70408	1301.78
10.5306	1.70408	1360.37
10.6122	1.70408	1416.36
10.6939	1.70408	1469.22
10.7755	1.70408	1518.47
10.8571	1.70408	1563.69
10.9388	1.70408	1604.61
11.0204	1.70408	1641.14
11.102	1.70408	1673.31
11.1837	1.70408	1701.41
11.2653	1.70408	1725.95
11.3469	1.70408	1747.53
11.4286	1.70408	1766.85
11.5102	1.70408	1784.48
11.5918	1.70408	1800.75
11.6735	1.70408	1816.06
11.7551	1.70408	1830.74
11.8367	1.70408	1844.99
11.9184	1.70408	1858.94
12	1.70408	1872.42
8	1.7449	345.095
8.08163	1.7449	330.453
8.16327	1.7449	316.121
8.2449	1.7449	302.687
8.32653	1.7449	290.758
8.40816	1.7449	280.93
8.4898	1.7449	273.758
8.57143	1.7449	269.728
8.65306	1.7449	269.22
8.73469	1.7449	272.489
8.81633	1.7449	279.661
8.89796	1.7449	290.754
8.97959	1.7449	305.72
9.06122	1.7449	324.486
9.14286	1.7449	346.982
9.22449	1.7449	373.148
9.30612	1.7449	402.917
9.38776	1.7449	436.186
9.46939	1.7449	472.782
9.55102	1.7449	512.454
9.63265	1.7449	554.91
9.71429	1.7449	599.95
9.79592	1.7449	647.658
9.87755	1.7449	698.585
9.95918	1.7449	753.674
10.0408	1.7449	813.764
10.1224	1.7449	878.881
10.2041	1.7449	948.205
10.2857	1.7449	1020.7
10.3673	1.7449	1095.46
10.449	1.7449	1171.61
10.5306	1.7449	1248.33
10.6122	1.7449	1324.85
10.6939	1.7449	1400.35
10.7755	1.7449	1474.08
10.8571	1.7449	1545.32
10.9388	1.7449	1613.4
11.0204	1.7449	1677.65
11.102	1.7449	1737.54
11.1837	1.7449	1792.69
11.2653	1.7449	1842.81
11.3469	1.7449	1887.87
11.4286	1.7449	1928.08
11.5102	1.7449	1963.74
11.5918	1.7449	1995.41
11.6735	1.7449	2023.88
11.7551	1.7449	2049.84
11.8367	1.7449	2074.02
11.9184	1.7449	2096.93
12	1.7449	2118.68
8	1.78571	472.846
8.08163	1.78571	457.055
8.16327	1.78571	439.346
8.2449	1.78571	420.259
8.32653	1.78571	400.433
8.40816	1.78571	380.567
8.4898	1.78571	361.388
8.57143	1.78571	343.622
8.65306	1.78571	327.97
8.73469	1.78571	315.087
8.81633	1.78571	305.549
8.89796	1.78571	299.83
8.97959	1.78571	298.284
9.06122	1.78571	301.125
9.14286	1.78571	308.443
9.22449	1.78571	320.23
9.30612	1.78571	336.428
9.38776	1.78571	356.974
9.46939	1.78571	381.822
9.55102	1.78571	410.932
9.63265	1.78571	444.246
9.71429	1.78571	481.643
9.79592	1.78571	522.898
9.87755	1.78571	567.679
9.95918	1.78571	615.6
10.0408	1.78571	666.424
10.1224	1.78571	720.35
10.2041	1.78571	778.243
10.2857	1.78571	841.51
10.3673	1.78571	911.333
10.449	1.78571	987.661
10.5306	1.78571	1069.33
10.6122	1.78571	1155.03
10.6939	1.78571	1243.63
10.7755	1.78571	1334.02
10.8571	1.78571	1425.11
10.9388	1.78571	1515.83
11.0204	1.78571	1605.15
11.102	1.78571	1692.05
11.1837	1.78571	1775.61
11.2653	1.78571	1855.05
11.3469	1.78571	1929.68
11.4286	1.78571	1998.9
11.5102	1.78571	2062.42
11.5918	1.78571	2120.17
11.6735	1.78571	2172.22
11.7551	1.78571	2219.08
11.8367	1.78571	2261.37
11.9184	1.78571	2299.73
12	1.78571	2335.1
8	1.82653	628.906
8.08163	1.82653	620.049
8.16327	1.82653	607.678
8.2449	1.82653	591.948
8.32653	1.82653	573.18
8.40816	1.82653	551.876
8.4898	1.82653	528.716
8.57143	1.82653	504.515
8.65306	1.82653	480.15
8.73469	1.82653	456.487
8.81633	1.82653	434.35
8.89796	1.82653	414.483
8.97959	1.82653	397.534
9.06122	1.82653	384.037
9.14286	1.82653	374.409
9.22449	1.82653	368.955
9.30612	1.82653	367.884
9.38776	1.82653	371.321
9.46939	1.82653	379.334
9.55102	1.82653	391.97
9.63265	1.82653	409.275
9.71429	1.82653	431.323
9.79592	1.82653	458.191
9.87755	1.82653	489.939
9.95918	1.82653	526.556
10.0408	1.82653	567.91
10.1224	1.82653	613.701
10.2041	1.82653	663.484
10.2857	1.82653	716.807
10.3673	1.82653	773.525
10.449	1.82653	834.188
10.5306	1.82653	900.261
10.6122	1.82653	973.677
10.6939	1.82653	1055.57
10.7755	1.82653	1145.25
10.8571	1.82653	1241.08
10.9388	1.82653	1341.58
11.0204	1.82653	1445.4
11.102	1.82653	1551.16
11.1837	1.82653	1657.43
11.2653	1.82653	1762.8
11.3469	1.82653	1865.94
11.4286	1.82653	1965.59
11.5102	1.82653	2060.61
11.5918	1.82653	2150.13
11.6735	1.82653	2233.49
11.7551	1.82653	2310.15
11.8367	1.82653	2380.03
11.9184	1.82653	2443.44
12	1.82653	2500.78
8	1.86735	776.419
8.08163	1.86735	779.077
8.16327	1.86735	777.787
8.2449	1.86735	772.286
8.32653	1.86735	762.449
8.40816	1.86735	748.324
8.4898	1.86735	730.155
8.57143	1.86735	708.371
8.65306	1.86735	683.609
8.73469	1.86735	656.708
8.81633	1.86735	628.667
8.89796	1.86735	600.57
8.97959	1.86735	573.439
9.06122	1.86735	548.172
9.14286	1.86735	525.534
9.22449	1.86735	506.124
9.30612	1.86735	490.384
9.38776	1.86735	478.611
9.46939	1.86735	470.984
9.55102	1.86735	467.618
9.63265	1.86735	468.593
9.71429	1.86735	473.984
9.79592	1.86735	483.899
9.87755	1.86735	498.492
9.95918	1.86735	517.966
10.0408	1.86735	542.553
10.1224	1.86735	572.477
10.2041	1.86735	607.884
10.2857	1.86735	648.789
10.3673	1.86735	695.002
10.449	1.86735	746.104
10.5306	1.86735	801.547
10.6122	1.86735	860.957
10.6939	1.86735	924.616
10.7755	1.86735	993.9
10.8571	1.86735	1071.13
10.9388	1.86735	1158.39
11.0204	1.86735	1255.78
11.102	1.86735	1361.58
11.1837	1.86735	1473.89
11.2653	1.86735	1591.16
11.3469	1.86735	1711.75
11.4286	1.86735	1833.9
11.5102	1.86735	1955.79
11.5918	1.86735	2075.65
11.6735	1.86735	2191.85
11.7551	1.86735	2302.9
11.8367	1.86735	2407.54
11.9184	1.86735	2504.91
12	1.86735	2594.54
8	1.90816	898.552
8.08163	1.90816	913.716
8.16327	1.90816	925.553
8.2449	1.90816	933.518
8.32653	1.90816	937.119
8.40816	1.90816	935.94
8.4898	1.90816	929.7
8.57143	1.90816	918.305
8.65306	1.90816	901.889
8.73469	1.90816	880.839
8.81633	1.90816	855.761
8.89796	1.90816	827.478
8.97959	1.90816	797.035
9.06122	1.90816	765.619
9.14286	1.90816	734.494
9.22449	1.90816	704.828
9.30612	1.90816	677.559
9.38776	1.90816	653.426
9.46939	1.90816	632.942
9.55102	1.90816	616.424
9.63265	1.90816	604.034
9.71429	1.90816	595.803
9.79592	1.90816	591.734
9.87755	1.90816	591.847
9.95918	1.90816	596.195
10.0408	1.90816	604.912
10.1224	1.90816	618.212
10.2041	1.90816	636.397
10.2857	1.90816	659.818
10.3673	1.90816	688.842
10.449	1.90816	723.775
10.5306	1.90816	764.779
10.6122	1.90816	811.788
10.6939	1.90816	864.447
10.7755	1.90816	922.191
10.8571	1.90816	984.539
10.9388	1.90816	1051.65
11.0204	1.90816	1124.91
11.102	1.90816	1206.97
11.1837	1.90816	1300.57
11.2653	1.90816	1406.46
11.3469	1.90816	1522.87
11.4286	1.90816	1647.59
11.5102	1.90816	1778.83
11.5918	1.90816	1914.73
11.6735	1.90816	2053.23
11.7551	1.90816	2192.09
11.8367	1.90816	2329.07
11.9184	1.90816	2462.08
12	1.90816	2589.25
8	1.94898	990.657
8.08163	1.94898	1017.52
8.16327	1.94898	1041.81
8.2449	1.94898	1063.18
8.32653	1.94898	1081.09
8.40816	1.94898	1094.89
8.4898	1.94898	1103.93
8.57143	1.94898	1107.69
8.65306	1.94898	1105.75
8.73469	1.94898	1097.87
8.81633	1.94898	1084.05
8.89796	1.94898	1064.59
8.97959	1.94898	1040.09
9.06122	1.94898	1011.41
9.14286	1.94898	979.579
9.22449	1.94898	945.888
9.30612	1.94898	911.722
9.38776	1.94898	878.484
9.46939	1.94898	847.408
9.55102	1.94898	819.397
9.63265	1.94898	795.101
9.71429	1.94898	774.895
9.79592	1.94898	758.946
9.87755	1.94898	747.279
9.95918	1.94898	739.794
10.0408	1.94898	736.39
10.1224	1.94898	737.034
10.2041	1.94898	741.777
10.2857	1.94898	750.781
10.3673	1.94898	764.315
10.449	1.94898	782.752
10.5306	1.94898	806.531
10.6122	1.94898	836.119
10.6939	1.94898	871.944
10.7755	1.94898	914.291
10.8571	1.94898	963.185
10.9388	1.94898	1018.32
11.0204	1.94898	1079.13
11.102	1.94898	1145.12
11.1837	1.94898	1216.51
11.2653	1.94898	1294.92
11.3469	1.94898	1383.41
11.4286	1.94898	1485.25
11.5102	1.94898	1601.4
11.5918	1.94898	1729.87
11.6735	1.94898	1868.22
11.7551	1.94898	2014.46
11.8367	1.94898	2166.52
11.9184	1.94898	2322.01
12	1.94898	2478.29
8	1.9898	1049.71
8.08163	1.9898	1088.17
8.16327	1.9898	1124.69
8.2449	1.9898	1158.72
8.32653	1.9898	1189.88
8.40816	1.9898	1217.89
8.4898	1.9898	1242.26
8.57143	1.9898	1262.29
8.65306	1.9898	1277.19
8.73469	1.9898	1286.28
8.81633	1.9898	1289.04
8.89796	1.9898	1285.11
8.97959	1.9898	1274.38
9.06122	1.9898	1257.06
9.14286	1.9898	1233.72
9.22449	1.9898	1205.26
9.30612	1.9898	1172.82
9.38776	1.9898	1137.69
9.46939	1.9898	1101.36
9.55102	1.9898	1065.39
9.63265	1.9898	1031.26
9.71429	1.9898	1000.16
9.79592	1.9898	972.84
9.87755	1.9898	949.809
9.95918	1.9898	931.238
10.0408	1.9898	917.12
10.1224	1.9898	907.35
10.2041	1.9898	901.733
10.2857	1.9898	900.119
10.3673	1.9898	902.453
10.449	1.9898	908.806
10.5306	1.9898	919.391
10.6122	1.9898	934.542
10.6939	1.9898	954.707
10.7755	1.9898	980.404
10.8571	1.9898	1012.18
10.9388	1.9898	1050.53
11.0204	1.9898	1095.81
11.102	1.9898	1148.07
11.1837	1.9898	1207
11.2653	1.9898	1272.04
11.3469	1.9898	1342.75
11.4286	1.9898	1419.64
11.5102	1.9898	1504.86
11.5918	1.9898	1602.1
11.6735	1.9898	1714.91
11.7551	1.9898	1843.87
11.8367	1.9898	1986.54
11.9184	1.9898	2140.33
12	1.9898	2303.11
8	2.03061	1078.3
8.08163	2.03061	1125.48
8.16327	2.03061	1172.5
8.2449	2.03061	1218.56
8.32653	2.03061	1262.82
8.40816	2.03061	1304.51
8.4898	2.03061	1343.06
8.57143	2.03061	1378.13
8.65306	2.03061	1409.33
8.73469	2.03061	1435.88
8.81633	2.03061	1456.9
8.89796	2.03061	1471.54
8.97959	2.03061	1479.16
9.06122	2.03061	1479.34
9.14286	2.03061	1471.88
9.22449	2.03061	1456.94
9.30612	2.03061	1435.07
9.38776	2.03061	1407.16
9.46939	2.03061	1374.51
9.55102	2.03061	1338.54
9.63265	2.03061	1300.75
9.71429	2.03061	1262.81
9.79592	2.03061	1226.37
9.87755	2.03061	1192.88
9.95918	2.03061	1163.29
10.0408	2.03061	1138.17
10.1224	2.03061	1117.79
10.2041	2.03061	1102.12
10.2857	2.03061	1090.98
10.3673	2.03061	1084.14
10.449	2.03061	1081.35
10.5306	2.03061	1082.49
10.6122	2.03061	1087.51
10.6939	2.03061	1096.57
10.7755	2.03061	1109.92
10.8571	2.03061	1127.97
10.9388	2.03061	1151.26
11.0204	2.03061	1180.38
11.102	2.03061	1215.95
11.1837	2.03061	1258.53
11.2653	2.03061	1308.47
11.3469	2.03061	1365.77
11.4286	2.03061	1430.04
11.5102	2.03061	1500.7
11.5918	2.03061	1577.56
11.6735	2.03061	1661.69
11.7551	2.03061	1756.12
11.8367	2.03061	1865.23
11.9184	2.03061	1992.36
12	2.03061	2137.07
8	2.07143	1086.35
8.08163	2.07143	1138.12
8.16327	2.07143	1191.4
8.2449	2.07143	1245.67
8.32653	2.07143	1300.2
8.40816	2.07143	1354.09
8.4898	2.07143	1406.36
8.57143	2.07143	1456.05
8.65306	2.07143	1502.37
8.73469	2.07143	1544.85
8.81633	2.07143	1583.11
8.89796	2.07143	1616.41
8.97959	2.07143	1643.68
9.06122	2.07143	1663.94
9.14286	2.07143	1676.42
9.22449	2.07143	1680.63
9.30612	2.07143	1676.37
9.38776	2.07143	1663.73
9.46939	2.07143	1643.32
9.55102	2.07143	1616.11
9.63265	2.07143	1583.45
9.71429	2.07143	1546.94
9.79592	2.07143	1508.18
9.87755	2.07143	1468.89
9.95918	2.07143	1430.84
10.0408	2.07143	1395.63
10.1224	2.07143	1364.49
10.2041	2.07143	1338
10.2857	2.07143	1316.49
10.3673	2.07143	1300
10.449	2.07143	1288.28
10.5306	2.07143	1281.04
10.6122	2.07143	1277.95
10.6939	2.07143	1278.8
10.7755	2.07143	1283.5
10.8571	2.07143	1292.12
10.9388	2.07143	1304.88
11.0204	2.07143	1322.13
11.102	2.07143	1344.35
11.1837	2.07143	1372.15
11.2653	2.07143	1406.21
11.3469	2.07143	1447.21
11.4286	2.07143	1495.71
11.5102	2.07143	1551.98
11.5918	2.07143	1615.91
11.6735	2.07143	1686.99
11.7551	2.07143	1764.74
11.8367	2.07143	1849.46
11.9184	2.07143	1943.24
12	2.07143	2050.26
8	2.11224	1082.81
8.08163	2.11224	1136.17
8.16327	2.11224	1192.09
8.2449	2.11224	1250.34
8.32653	2.11224	1310.56
8.40816	2.11224	1372.2
8.4898	2.11224	1434.5
8.57143	2.11224	1496.48
8.65306	2.11224	1556.99
8.73469	2.11224	1614.9
8.81633	2.11224	1669.24
8.89796	2.11224	1719.37
8.97959	2.11224	1764.85
9.06122	2.11224	1804.96
9.14286	2.11224	1838.47
9.22449	2.11224	1864.24
9.30612	2.11224	1881.4
9.38776	2.11224	1889.39
9.46939	2.11224	1888.03
9.55102	2.11224	1877.44
9.63265	2.11224	1858.25
9.71429	2.11224	1831.62
9.79592	2.11224	1798.99
9.87755	2.11224	1762.11
9.95918	2.11224	1722.73
10.0408	2.11224	1682.58
10.1224	2.11224	1643.5
10.2041	2.11224	1607.18
10.2857	2.11224	1575.1
10.3673	2.11224	1547.97
10.449	2.11224	1526.02
10.5306	2.11224	1509.32
10.6122	2.11224	1497.63
10.6939	2.11224	1490.62
10.7755	2.11224	1487.92
10.8571	2.11224	1489.19
10.9388	2.11224	1494.3
11.0204	2.11224	1503.26
11.102	2.11224	1516.25
11.1837	2.11224	1533.65
11.2653	2.11224	1555.89
11.3469	2.11224	1583.55
11.4286	2.11224	1617.33
11.5102	2.11224	1657.99
11.5918	2.11224	1706.22
11.6735	2.11224	1762.51
11.7551	2.11224	1826.97
11.8367	2.11224	1899.25
11.9184	2.11224	1978.77
12	2.11224	2065.37
8	2.15306	1073.55
8.08163	2.15306	1126.59
8.16327	2.15306	1182.83
8.2449	2.15306	1242.2
8.32653	2.15306	1304.56
8.40816	2.15306	1369.69
8.4898	2.15306	1437.24
8.57143	2.15306	1506.62
8.65306	2.15306	1577.03
8.73469	2.15306	1647.37
8.81633	2.15306	1716.36
8.89796	2.15306	1782.65
8.97959	2.15306	1845.12
9.06122	2.15306	1903.01
9.14286	2.15306	1955.79
9.22449	2.15306	2002.65
9.30612	2.15306	2042.25
9.38776	2.15306	2073.24
9.46939	2.15306	2094.7
9.55102	2.15306	2106.03
9.63265	2.15306	2107.11
9.71429	2.15306	2098.18
9.79592	2.15306	2079.89
9.87755	2.15306	2053.58
9.95918	2.15306	2020.88
10.0408	2.15306	1983.7
10.1224	2.15306	1943.93
10.2041	2.15306	1903.32
10.2857	2.15306	1863.75
10.3673	2.15306	1826.91
10.449	2.15306	1794.39
10.5306	2.15306	1767.15
10.6122	2.15306	1745.38
10.6939	2.15306	1729.09
10.7755	2.15306	1718.02
10.8571	2.15306	1711.81
10.9388	2.15306	1710.03
11.0204	2.15306	1712.35
11.102	2.15306	1718.55
11.1837	2.15306	1728.6
11.2653	2.15306	1742.61
11.3469	2.15306	1760.91
11.4286	2.15306	1783.98
11.5102	2.15306	1812.42
11.5918	2.15306	1846.92
11.6735	2.15306	1888.26
11.7551	2.15306	1937.25
11.8367	2.15306	1994.54
11.9184	2.15306	2060.44
12	2.15306	2134.79
8	2.19388	1062.76
8.08163	2.19388	1113.99
8.16327	2.19388	1168.93
8.2449	2.19388	1227.55
8.32653	2.19388	1289.81
8.40816	2.19388	1355.63
8.4898	2.19388	1424.9
8.57143	2.19388	1497.41
8.65306	2.19388	1572.76
8.73469	2.19388	1650.34
8.81633	2.19388	1729.26
8.89796	2.19388	1808.3
8.97959	2.19388	1885.99
9.06122	2.19388	1960.8
9.14286	2.19388	2031.44
9.22449	2.19388	2097.07
9.30612	2.19388	2157.07
9.38776	2.19388	2210.52
9.46939	2.19388	2255.85
9.55102	2.19388	2291.61
9.63265	2.19388	2316.81
9.71429	2.19388	2330.86
9.79592	2.19388	2333.72
9.87755	2.19388	2325.86
9.95918	2.19388	2308.07
10.0408	2.19388	2281.81
10.1224	2.19388	2248.95
10.2041	2.19388	2211.53
10.2857	2.19388	2171.6
10.3673	2.19388	2130.9
10.449	2.19388	2091.37
10.5306	2.19388	2054.7
10.6122	2.19388	2022.41
10.6939	2.19388	1995.62
10.7755	2.19388	1974.59
10.8571	2.19388	1959.26
10.9388	2.19388	1949.35
11.0204	2.19388	1944.43
11.102	2.19388	1944.05
11.1837	2.19388	1947.81
11.2653	2.19388	1955.53
11.3469	2.19388	1967.15
11.4286	2.19388	1982.77
11.5102	2.19388	2002.65
11.5918	2.19388	2027.25
11.6735	2.19388	2057.22
11.7551	2.19388	2093.28
11.8367	2.19388	2136.27
11.9184	2.19388	2187.04
12	2.19388	2246.34
8	2.23469	1054.01
8.08163	2.23469	1102.02
8.16327	2.23469	1154.25
8.2449	2.23469	1210.66
8.32653	2.23469	1271.2
8.40816	2.23469	1335.87
8.4898	2.23469	1404.62
8.57143	2.23469	1477.43
8.65306	2.23469	1554.16
8.73469	2.23469	1634.59
8.81633	2.23469	1718.3
8.89796	2.23469	1804.6
8.97959	2.23469	1892.47
9.06122	2.23469	1980.53
9.14286	2.23469	2067.12
9.22449	2.23469	2150.54
9.30612	2.23469	2229.34
9.38776	2.23469	2302.61
9.46939	2.23469	2369.66
9.55102	2.23469	2429.36
9.63265	2.23469	2479.92
9.71429	2.23469	2519.79
9.79592	2.23469	2548.02
9.87755	2.23469	2564.08
9.95918	2.23469	2568.02
10.0408	2.23469	2560.59
10.1224	2.23469	2542.82
10.2041	2.23469	2516.35
10.2857	2.23469	2483.25
10.3673	2.23469	2445.72
10.449	2.23469	2405.88
10.5306	2.23469	2365.47
10.6122	2.23469	2326.43
10.6939	2.23469	2290.51
10.7755	2.23469	2259.14
10.8571	2.23469	2233.47
10.9388	2.23469	2213.76
11.0204	2.23469	2199.94
11.102	2.23469	2191.7
11.1837	2.23469	2188.59
11.2653	2.23469	2190.12
11.3469	2.23469	2195.82
11.4286	2.23469	2205.46
11.5102	2.23469	2219.06
11.5918	2.23469	2236.72
11.6735	2.23469	2258.69
11.7551	2.23469	2285.41
11.8367	2.23469	2317.51
11.9184	2.23469	2355.81
12	2.23469	2401.22
8	2.27551	1050.49
8.08163	2.27551	1093.92
8.16327	2.27551	1142.07
8.2449	2.27551	1194.9
8.32653	2.27551	1252.35
8.40816	2.27551	1314.41
8.4898	2.27551	1381.04
8.57143	2.27551	1452.26
8.65306	2.27551	1528.07
8.73469	2.27551	1608.44
8.81633	2.27551	1693.25
8.89796	2.27551	1782.25
8.97959	2.27551	1874.95
9.06122	2.27551	1970.53
9.14286	2.27551	2067.82
9.22449	2.27551	2165.23
9.30612	2.27551	2260.89
9.38776	2.27551	2352.91
9.46939	2.27551	2439.77
9.55102	2.27551	2520.51
9.63265	2.27551	2594.32
9.71429	2.27551	2659.77
9.79592	2.27551	2714.87
9.87755	2.27551	2758.03
9.95918	2.27551	2788.42
10.0408	2.27551	2805.64
10.1224	2.27551	2809.95
10.2041	2.27551	2802.34
10.2857	2.27551	2784.15
10.3673	2.27551	2757.28
10.449	2.27551	2723.96
10.5306	2.27551	2686.51
10.6122	2.27551	2647.14
10.6939	2.27551	2607.48
10.7755	2.27551	2569.42
10.8571	2.27551	2534.78
10.9388	2.27551	2504.97
11.0204	2.27551	2481.06
11.102	2.27551	2463.28
11.1837	2.27551	2451.54
11.2653	2.27551	2445.48
11.3469	2.27551	2444.64
11.4286	2.27551	2448.59
11.5102	2.27551	2456.79
11.5918	2.27551	2468.95
11.6735	2.27551	2485.06
11.7551	2.27551	2505.28
11.8367	2.27551	2529.88
11.9184	2.27551	2559.32
12	2.27551	2594.2
8	2.31633	1054.91
8.08163	2.31633	1092.52
8.16327	2.31633	1135.25
8.2449	2.31633	1183.14
8.32653	2.31633	1236.18
8.40816	2.31633	1294.31
8.4898	2.31633	1357.49
8.57143	2.31633	1425.7
8.65306	2.31633	1498.97
8.73469	2.31633	1577.34
8.81633	2.31633	1660.85
8.89796	2.31633	1749.46
8.97959	2.31633	1843.07
9.06122	2.31633	1941.35
9.14286	2.31633	2043.72
9.22449	2.31633	2149.22
9.30612	2.31633	2256.42
9.38776	2.31633	2363.48
9.46939	2.31633	2468.3
9.55102	2.31633	2568.84
9.63265	2.31633	2663.56
9.71429	2.31633	2751.49
9.79592	2.31633	2831.61
9.87755	2.31633	2902.12
9.95918	2.31633	2960.86
10.0408	2.31633	3006.32
10.1224	2.31633	3037.87
10.2041	2.31633	3055.34
10.2857	2.31633	3059.27
10.3673	2.31633	3050.96
10.449	2.31633	3032.04
10.5306	2.31633	3004.7
10.6122	2.31633	2971.3
10.6939	2.31633	2934.28
10.7755	2.31633	2895.86
10.8571	2.31633	2857.54
10.9388	2.31633	2821.12
11.0204	2.31633	2788.41
11.102	2.31633	2760.81
11.1837	2.31633	2739.33
11.2653	2.31633	2724.13
11.3469	2.31633	2715.08
11.4286	2.31633	2711.74
11.5102	2.31633	2713.62
11.5918	2.31633	2720.36
11.6735	2.31633	2731.49
11.7551	2.31633	2746.66
11.8367	2.31633	2765.84
11.9184	2.31633	2789.16
12	2.31633	2816.94
8	2.35714	1069.03
8.08163	2.35714	1100.14
8.16327	2.35714	1136.35
8.2449	2.35714	1178.03
8.32653	2.35714	1225.32
8.40816	2.35714	1278.22
8.4898	2.35714	1336.68
8.57143	2.35714	1400.64
8.65306	2.35714	1470.08
8.73469	2.35714	1545.03
8.81633	2.35714	1625.56
8.89796	2.35714	1711.76
8.97959	2.35714	1803.68
9.06122	2.35714	1901.32
9.14286	2.35714	2004.51
9.22449	2.35714	2112.86
9.30612	2.35714	2225.64
9.38776	2.35714	2341.65
9.46939	2.35714	2459.2
9.55102	2.35714	2576.13
9.63265	2.35714	2690.09
9.71429	2.35714	2798.97
9.79592	2.35714	2901.28
9.87755	2.35714	2996.02
9.95918	2.35714	3081.82
10.0408	2.35714	3156.47
10.1224	2.35714	3217.81
10.2041	2.35714	3264.51
10.2857	2.35714	3296.2
10.3673	2.35714	3313.02
10.449	2.35714	3315.91
10.5306	2.35714	3306.51
10.6122	2.35714	3286.73
10.6939	2.35714	3259.04
10.7755	2.35714	3225.85
10.8571	2.35714	3189.68
10.9388	2.35714	3152.71
11.0204	2.35714	3116.35
11.102	2.35714	3082.28
11.1837	2.35714	3052.22
11.2653	2.35714	3027.56
11.3469	2.35714	3009.2
11.4286	2.35714	2997.21
11.5102	2.35714	2991.49
11.5918	2.35714	2991.5
11.6735	2.35714	2996.67
11.7551	2.35714	3006.69
11.8367	2.35714	3021.18
11.9184	2.35714	3039.82
12	2.35714	3062.57
8	2.39796	1092.82
8.08163	2.39796	1117.86
8.16327	2.39796	1147.23
8.2449	2.39796	1181.83
8.32653	2.39796	1222.2
8.40816	2.39796	1268.58
8.4898	2.39796	1321.02
8.57143	2.39796	1379.49
8.65306	2.39796	1443.92
8.73469	2.39796	1514.27
8.81633	2.39796	1590.58
8.89796	2.39796	1672.91
8.97959	2.39796	1761.41
9.06122	2.39796	1856.2
9.14286	2.39796	1957.37
9.22449	2.39796	2064.89
9.30612	2.39796	2178.55
9.38776	2.39796	2297.81
9.46939	2.39796	2421.73
9.55102	2.39796	2548.84
9.63265	2.39796	2677.07
9.71429	2.39796	2803.94
9.79592	2.39796	2926.9
9.87755	2.39796	3043.85
9.95918	2.39796	3153.39
10.0408	2.39796	3254.4
10.1224	2.39796	3344.97
10.2041	2.39796	3422.64
10.2857	2.39796	3485.4
10.3673	2.39796	3532.22
10.449	2.39796	3563.06
10.5306	2.39796	3578.47
10.6122	2.39796	3579.84
10.6939	2.39796	3569.13
10.7755	2.39796	3548.59
10.8571	2.39796	3520.86
10.9388	2.39796	3488.35
11.0204	2.39796	3453.59
11.102	2.39796	3418.66
11.1837	2.39796	3384.85
11.2653	2.39796	3353.82
11.3469	2.39796	3327.14
11.4286	2.39796	3306.16
11.5102	2.39796	3291.58
11.5918	2.39796	3283.42
11.6735	2.39796	3281.61
11.7551	2.39796	3285.61
11.8367	2.39796	3294.75
11.9184	2.39796	3308.7
12	2.39796	3327.13
8	2.43878	1123.86
8.08163	2.43878	1144.72
8.16327	2.43878	1168.27
8.2449	2.43878	1195.88
8.32653	2.43878	1228.71
8.40816	2.43878	1267.54
8.4898	2.43878	1312.74
8.57143	2.43878	1364.45
8.65306	2.43878	1422.64
8.73469	2.43878	1487.26
8.81633	2.43878	1558.23
8.89796	2.43878	1635.58
8.97959	2.43878	1719.41
9.06122	2.43878	1809.86
9.14286	2.43878	1907.14
9.22449	2.43878	2011.42
9.30612	2.43878	2122.78
9.38776	2.43878	2241.17
9.46939	2.43878	2366.25
9.55102	2.43878	2497.3
9.63265	2.43878	2633.1
9.71429	2.43878	2771.78
9.79592	2.43878	2910.88
9.87755	2.43878	3047.59
9.95918	2.43878	3179.25
10.0408	2.43878	3303.88
10.1224	2.43878	3420.19
10.2041	2.43878	3526.65
10.2857	2.43878	3620.79
10.3673	2.43878	3700.15
10.449	2.43878	3763.04
10.5306	2.43878	3808.86
10.6122	2.43878	3837.97
10.6939	2.43878	3851.37
10.7755	2.43878	3850.98
10.8571	2.43878	3839
10.9388	2.43878	3817.99
11.0204	2.43878	3790.73
11.102	2.43878	3759.57
11.1837	2.43878	3726.95
11.2653	2.43878	3694.73
11.3469	2.43878	3664.18
11.4286	2.43878	3636.91
11.5102	2.43878	3614.36
11.5918	2.43878	3597.84
11.6735	2.43878	3587.76
11.7551	2.43878	3584.07
11.8367	2.43878	3586.75
11.9184	2.43878	3595.29
12	2.43878	3609.02
8	2.47959	1158.6
8.08163	2.47959	1177.72
8.16327	2.47959	1197.66
8.2449	2.47959	1219.82
8.32653	2.47959	1245.7
8.40816	2.47959	1276.67
8.4898	2.47959	1313.77
8.57143	2.47959	1357.57
8.65306	2.47959	1408.29
8.73469	2.47959	1465.96
8.81633	2.47959	1530.49
8.89796	2.47959	1601.83
8.97959	2.47959	1679.97
9.06122	2.47959	1765.01
9.14286	2.47959	1857.11
9.22449	2.47959	1956.54
9.30612	2.47959	2063.53
9.38776	2.47959	2178.3
9.46939	2.47959	2300.93
9.55102	2.47959	2431.25
9.63265	2.47959	2568.76
9.71429	2.47959	2712.47
9.79592	2.47959	2860.78
9.87755	2.47959	3011.35
9.95918	2.47959	3161.29
10.0408	2.47959	3307.53
10.1224	2.47959	3447.46
10.2041	2.47959	3579.31
10.2857	2.47959	3701.71
10.3673	2.47959	3812.46
10.449	2.47959	3908.72
10.5306	2.47959	3988.32
10.6122	2.47959	4050.05
10.6939	2.47959	4093.84
10.7755	2.47959	4120.49
10.8571	2.47959	4131.58
10.9388	2.47959	4129.44
11.0204	2.47959	4116.47
11.102	2.47959	4095.52
11.1837	2.47959	4069.38
11.2653	2.47959	4040.34
11.3469	2.47959	4010.67
11.4286	2.47959	3981.94
11.5102	2.47959	3955.44
11.5918	2.47959	3932.72
11.6735	2.47959	3915.13
11.7551	2.47959	3903.88
11.8367	2.47959	3899.1
11.9184	2.47959	3900.61
12	2.47959	3908.46
8	2.52041	1193.56
8.08163	2.52041	1213.3
8.16327	2.52041	1232.11
8.2449	2.52041	1251.21
8.32653	2.52041	1272.07
8.40816	2.52041	1296.28
8.4898	2.52041	1325.36
8.57143	2.52041	1360.6
8.65306	2.52041	1402.81
8.73469	2.52041	1452.33
8.81633	2.52041	1509.24
8.89796	2.52041	1573.47
8.97959	2.52041	1644.94
9.06122	2.52041	1723.64
9.14286	2.52041	1809.62
9.22449	2.52041	1903.1
9.30612	2.52041	2004.36
9.38776	2.52041	2113.72
9.46939	2.52041	2231.5
9.55102	2.52041	2357.89
9.63265	2.52041	2492.93
9.71429	2.52041	2636.29
9.79592	2.52041	2787.24
9.87755	2.52041	2944.4
9.95918	2.52041	3105.67
10.0408	2.52041	3268.2
10.1224	2.52041	3428.7
10.2041	2.52041	3583.98
10.2857	2.52041	3731.64
10.3673	2.52041	3870.12
10.449	2.52041	3997.6
10.5306	2.52041	4111.12
10.6122	2.52041	4207.92
10.6939	2.52041	4286.32
10.7755	2.52041	4345.72
10.8571	2.52041	4386.65
10.9388	2.52041	4410.42
11.0204	2.52041	4419.21
11.102	2.52041	4415.63
11.1837	2.52041	4402.22
11.2653	2.52041	4382.05
11.3469	2.52041	4357.81
11.4286	2.52041	4331.72
11.5102	2.52041	4305.81
11.5918	2.52041	4281.36
11.6735	2.52041	4259.74
11.7551	2.52041	4242.35
11.8367	2.52041	4230.55
11.9184	2.52041	4225.35
12	2.52041	4226.63
8	2.56122	1226.29
8.08163	2.56122	1248.16
8.16327	2.56122	1268.13
8.2449	2.56122	1286.7
8.32653	2.56122	1305.01
8.40816	2.56122	1324.63
8.4898	2.56122	1347.2
8.57143	2.56122	1374.4
8.65306	2.56122	1407.69
8.73469	2.56122	1448.16
8.81633	2.56122	1496.3
8.89796	2.56122	1552.25
8.97959	2.56122	1615.97
9.06122	2.56122	1687.36
9.14286	2.56122	1766.39
9.22449	2.56122	1853.11
9.30612	2.56122	1947.71
9.38776	2.56122	2050.52
9.46939	2.56122	2161.93
9.55102	2.56122	2282.34
9.63265	2.56122	2412.09
9.71429	2.56122	2551.35
9.79592	2.56122	2700.02
9.87755	2.56122	2857.57
9.95918	2.56122	3022.89
10.0408	2.56122	3194.12
10.1224	2.56122	3368.54
10.2041	2.56122	3542.79
10.2857	2.56122	3713.29
10.3673	2.56122	3876.97
10.449	2.56122	4031.76
10.5306	2.56122	4176.02
10.6122	2.56122	4307.09
10.6939	2.56122	4421.6
10.7755	2.56122	4517.32
10.8571	2.56122	4593.19
10.9388	2.56122	4649.33
11.0204	2.56122	4686.88
11.102	2.56122	4707.72
11.1837	2.56122	4714.57
11.2653	2.56122	4710.13
11.3469	2.56122	4697.1
11.4286	2.56122	4678.6
11.5102	2.56122	4657.15
11.5918	2.56122	4634.9
11.6735	2.56122	4613.51
11.7551	2.56122	4594.14
11.8367	2.56122	4578.22
11.9184	2.56122	4566.98
12	2.56122	4561.75
8	2.60204	1255.49
8.08163	2.60204	1280.36
8.16327	2.60204	1302.72
8.2449	2.60204	1322.87
8.32653	2.60204	1341.21
8.40816	2.60204	1358.75
8.4898	2.60204	1377.14
8.57143	2.60204	1398.1
8.65306	2.60204	1423.41
8.73469	2.60204	1454.7
8.81633	2.60204	1493.28
8.89796	2.60204	1539.87
8.97959	2.60204	1594.67
9.06122	2.60204	1657.69
9.14286	2.60204	1728.81
9.22449	2.60204	1807.97
9.30612	2.60204	1895.21
9.38776	2.60204	1990.72
9.46939	2.60204	2094.83
9.55102	2.60204	2208
9.63265	2.60204	2330.73
9.71429	2.60204	2463.45
9.79592	2.60204	2606.51
9.87755	2.60204	2759.98
9.95918	2.60204	2923.57
10.0408	2.60204	3096.4
10.1224	2.60204	3276.88
10.2041	2.60204	3462.5
10.2857	2.60204	3649.94
10.3673	2.60204	3835.34
10.449	2.60204	4015.09
10.5306	2.60204	4186.45
10.6122	2.60204	4347.61
10.6939	2.60204	4496.31
10.7755	2.60204	4629.01
10.8571	2.60204	4742.67
10.9388	2.60204	4835.79
11.0204	2.60204	4908.02
11.102	2.60204	4960.29
11.1837	2.60204	4994.3
11.2653	2.60204	5012.53
11.3469	2.60204	5018.09
11.4286	2.60204	5013.6
11.5102	2.60204	5001.94
11.5918	2.60204	4986.11
11.6735	2.60204	4968.42
11.7551	2.60204	4950.9
11.8367	2.60204	4934.81
11.9184	2.60204	4921.36
12	2.60204	4911.98
8	2.64286	1279.44
8.08163	2.64286	1308.61
8.16327	2.64286	1334.33
8.2449	2.64286	1357.1
8.32653	2.64286	1377.36
8.40816	2.64286	1395.43
8.4898	2.64286	1412.21
8.57143	2.64286	1429.33
8.65306	2.64286	1448.66
8.73469	2.64286	1472.05
8.81633	2.64286	1501.29
8.89796	2.64286	1537.86
8.97959	2.64286	1582.73
9.06122	2.64286	1636.2
9.14286	2.64286	1698.32
9.22449	2.64286	1768.98
9.30612	2.64286	1848.09
9.38776	2.64286	1935.66
9.46939	2.64286	2031.86
9.55102	2.64286	2137.05
9.63265	2.64286	2251.73
9.71429	2.64286	2376.46
9.79592	2.64286	2511.83
9.87755	2.64286	2658.29
9.95918	2.64286	2816.11
10.0408	2.64286	2985.21
10.1224	2.64286	3164.97
10.2041	2.64286	3354.05
10.2857	2.64286	3550.19
10.3673	2.64286	3750.18
10.449	2.64286	3950.08
10.5306	2.64286	4145.79
10.6122	2.64286	4333.92
10.6939	2.64286	4512.19
10.7755	2.64286	4678.57
10.8571	2.64286	4829.75
10.9388	2.64286	4961.94
11.0204	2.64286	5073.01
11.102	2.64286	5162.2
11.1837	2.64286	5230.05
11.2653	2.64286	5278.21
11.3469	2.64286	5308.93
11.4286	2.64286	5325.26
11.5102	2.64286	5330.35
11.5918	2.64286	5326.81
11.6735	2.64286	5317.63
11.7551	2.64286	5305.48
11.8367	2.64286	5292.58
11.9184	2.64286	5280.64
12	2.64286	5270.61
8	2.68367	1297.09
8.08163	2.68367	1331.1
8.16327	2.68367	1361.56
8.2449	2.68367	1388.11
8.32653	2.68367	1411.23
8.40816	2.68367	1431.49
8.4898	2.68367	1449.2
8.57143	2.68367	1465.17
8.65306	2.68367	1480.96
8.73469	2.68367	1498.61
8.81633	2.68367	1520.03
8.89796	2.68367	1547.16
8.97959	2.68367	1581.61
9.06122	2.68367	1624.58
9.14286	2.68367	1676.56
9.22449	2.68367	1737.6
9.30612	2.68367	1807.61
9.38776	2.68367	1886.47
9.46939	2.68367	1974.18
9.55102	2.68367	2070.87
9.63265	2.68367	2176.92
9.71429	2.68367	2292.86
9.79592	2.68367	2419.33
9.87755	2.68367	2557.02
9.95918	2.68367	2706.53
10.0408	2.68367	2868.28
10.1224	2.68367	3042.41
10.2041	2.68367	3228.53
10.2857	2.68367	3425.59
10.3673	2.68367	3631.59
10.449	2.68367	3843.5
10.5306	2.68367	4057.36
10.6122	2.68367	4268.79
10.6939	2.68367	4473.79
10.7755	2.68367	4669.43
10.8571	2.68367	4853.61
10.9388	2.68367	5023.4
11.0204	2.68367	5174.63
11.102	2.68367	5304.33
11.1837	2.68367	5411.28
11.2653	2.68367	5495.61
11.3469	2.68367	5558.78
11.4286	2.68367	5603.05
11.5102	2.68367	5631.15
11.5918	2.68367	5646.55
11.6735	2.68367	5652.19
11.7551	2.68367	5650.73
11.8367	2.68367	5645.1
11.9184	2.68367	5637.67
12	2.68367	5630.53
8	2.72449	1308.99
8.08163	2.72449	1347.12
8.16327	2.72449	1382.59
8.2449	2.72449	1414.3
8.32653	2.72449	1441.65
8.40816	2.72449	1465.02
8.4898	2.72449	1485.16
8.57143	2.72449	1502.42
8.65306	2.72449	1517.48
8.73469	2.72449	1531.87
8.81633	2.72449	1547.74
8.89796	2.72449	1567.13
8.97959	2.72449	1592.05
9.06122	2.72449	1624.28
9.14286	2.72449	1665.2
9.22449	2.72449	1715.5
9.30612	2.72449	1775.27
9.38776	2.72449	1844.44
9.46939	2.72449	1922.87
9.55102	2.72449	2010.52
9.63265	2.72449	2107.51
9.71429	2.72449	2214.2
9.79592	2.72449	2331.16
9.87755	2.72449	2459.1
9.95918	2.72449	2598.8
10.0408	2.72449	2750.99
10.1224	2.72449	2916.28
10.2041	2.72449	3094.98
10.2857	2.72449	3286.95
10.3673	2.72449	3491.4
10.449	2.72449	3706.61
10.5306	2.72449	3929.79
10.6122	2.72449	4157.06
10.6939	2.72449	4383.83
10.7755	2.72449	4605.62
10.8571	2.72449	4818.84
10.9388	2.72449	5021.02
11.0204	2.72449	5209.52
11.102	2.72449	5380.17
11.1837	2.72449	5529.14
11.2653	2.72449	5654.61
11.3469	2.72449	5756.3
11.4286	2.72449	5835.34
11.5102	2.72449	5894.03
11.5918	2.72449	5935.05
11.6735	2.72449	5961.63
11.7551	2.72449	5977.23
11.8367	2.72449	5984.54
11.9184	2.72449	5986.37
12	2.72449	5985.34
8	2.76531	1316.43
8.08163	2.76531	1357.49
8.16327	2.76531	1397.06
8.2449	2.76531	1433.92
8.32653	2.76531	1466.79
8.40816	2.76531	1494.91
8.4898	2.76531	1518.46
8.57143	2.76531	1538.34
8.65306	2.76531	1555
8.73469	2.76531	1569.04
8.81633	2.76531	1581.93
8.89796	2.76531	1595.9
8.97959	2.76531	1613.16
9.06122	2.76531	1635.77
9.14286	2.76531	1665.68
9.22449	2.76531	1704.38
9.30612	2.76531	1752.82
9.38776	2.76531	1811.13
9.46939	2.76531	1879.27
9.55102	2.76531	1957.07
9.63265	2.76531	2044.46
9.71429	2.76531	2141.54
9.79592	2.76531	2248.66
9.87755	2.76531	2366.4
9.95918	2.76531	2495.54
10.0408	2.76531	2636.94
10.1224	2.76531	2791.48
10.2041	2.76531	2959.91
10.2857	2.76531	3142.74
10.3673	2.76531	3340.06
10.449	2.76531	3551.34
10.5306	2.76531	3775.16
10.6122	2.76531	4008.96
10.6939	2.76531	4249.02
10.7755	2.76531	4490.67
10.8571	2.76531	4729.03
10.9388	2.76531	4959.9
11.0204	2.76531	5180.29
11.102	2.76531	5387.63
11.1837	2.76531	5577.97
11.2653	2.76531	5746.77
11.3469	2.76531	5891.46
11.4286	2.76531	6011.37
11.5102	2.76531	6107.17
11.5918	2.76531	6181.06
11.6735	2.76531	6235.91
11.7551	2.76531	6274.74
11.8367	2.76531	6301.11
11.9184	2.76531	6318.12
12	2.76531	6328.38
8	2.80612	1320.53
8.08163	2.80612	1363.53
8.16327	2.80612	1405.97
8.2449	2.80612	1446.93
8.32653	2.80612	1485.1
8.40816	2.80612	1519.07
8.4898	2.80612	1547.88
8.57143	2.80612	1571.52
8.65306	2.80612	1591
8.73469	2.80612	1606.93
8.81633	2.80612	1619.8
8.89796	2.80612	1631.07
8.97959	2.80612	1643
9.06122	2.80612	1658
9.14286	2.80612	1678.18
9.22449	2.80612	1705.63
9.30612	2.80612	1741.96
9.38776	2.80612	1788.33
9.46939	2.80612	1844.99
9.55102	2.80612	1911.88
9.63265	2.80612	1988.85
9.71429	2.80612	2075.77
9.79592	2.80612	2172.74
9.87755	2.80612	2280.06
9.95918	2.80612	2398.34
10.0408	2.80612	2528.42
10.1224	2.80612	2671.25
10.2041	2.80612	2827.81
10.2857	2.80612	2999
10.3673	2.80612	3185.53
10.449	2.80612	3387.72
10.5306	2.80612	3605.3
10.6122	2.80612	3837.11
10.6939	2.80612	4080.9
10.7755	2.80612	4333.14
10.8571	2.80612	4589.15
10.9388	2.80612	4843.76
11.0204	2.80612	5092.22
11.102	2.80612	5330.97
11.1837	2.80612	5557.28
11.2653	2.80612	5767.45
11.3469	2.80612	5956.58
11.4286	2.80612	6121.14
11.5102	2.80612	6260
11.5918	2.80612	6373.5
11.6735	2.80612	6463.42
11.7551	2.80612	6532.81
11.8367	2.80612	6584.83
11.9184	2.80612	6622.87
12	2.80612	6650.37
8	2.84694	1322.1
8.08163	2.84694	1366.35
8.16327	2.84694	1410.68
8.2449	2.84694	1454.47
8.32653	2.84694	1496.75
8.40816	2.84694	1536.18
8.4898	2.84694	1571.17
8.57143	2.84694	1600.59
8.65306	2.84694	1624.24
8.73469	2.84694	1643.16
8.81633	2.84694	1658.19
8.89796	2.84694	1669.74
8.97959	2.84694	1679.24
9.06122	2.84694	1688.97
9.14286	2.84694	1701.55
9.22449	2.84694	1719.17
9.30612	2.84694	1744
9.38776	2.84694	1777.8
9.46939	2.84694	1821.89
9.55102	2.84694	1876.69
9.63265	2.84694	1942.12
9.71429	2.84694	2018.04
9.79592	2.84694	2104.28
9.87755	2.84694	2200.9
9.95918	2.84694	2308.2
10.0408	2.84694	2426.79
10.1224	2.84694	2557.54
10.2041	2.84694	2701.5
10.2857	2.84694	2859.76
10.3673	2.84694	3033.37
10.449	2.84694	3223.21
10.5306	2.84694	3429.82
10.6122	2.84694	3653.18
10.6939	2.84694	3892.42
10.7755	2.84694	4145.58
10.8571	2.84694	4409.35
10.9388	2.84694	4679.16
11.0204	2.84694	4949.61
11.102	2.84694	5215.5
11.1837	2.84694	5472.65
11.2653	2.84694	5718.01
11.3469	2.84694	5948.13
11.4286	2.84694	6157.95
11.5102	2.84694	6343.02
11.5918	2.84694	6501.53
11.6735	2.84694	6633.52
11.7551	2.84694	6740.39
11.8367	2.84694	6825.03
11.9184	2.84694	6890.95
12	2.84694	6941.5
8	2.88776	1321.7
8.08163	2.88776	1366.72
8.16327	2.88776	1412.26
8.2449	2.88776	1457.91
8.32653	2.88776	1503.03
8.40816	2.88776	1546.6
8.4898	2.88776	1587.21
8.57143	2.88776	1623.15
8.65306	2.88776	1653.07
8.73469	2.88776	1676.64
8.81633	2.88776	1694.85
8.89796	2.88776	1708.79
8.97959	2.88776	1718.86
9.06122	2.88776	1726.41
9.14286	2.88776	1733.79
9.22449	2.88776	1743.76
9.30612	2.88776	1758.66
9.38776	2.88776	1780.7
9.46939	2.88776	1811.8
9.55102	2.88776	1853.39
9.63265	2.88776	1906.1
9.71429	2.88776	1969.86
9.79592	2.88776	2044.5
9.87755	2.88776	2129.83
9.95918	2.88776	2225.89
10.0408	2.88776	2332.94
10.1224	2.88776	2451.58
10.2041	2.88776	2582.75
10.2857	2.88776	2727.56
10.3673	2.88776	2887.22
10.449	2.88776	3062.9
10.5306	2.88776	3255.66
10.6122	2.88776	3466.24
10.6939	2.88776	3694.89
10.7755	2.88776	3941.02
10.8571	2.88776	4202.93
10.9388	2.88776	4477.62
11.0204	2.88776	4760.64
11.102	2.88776	5046.49
11.1837	2.88776	5329.52
11.2653	2.88776	5605.01
11.3469	2.88776	5869.49
11.4286	2.88776	6119.61
11.5102	2.88776	6350.37
11.5918	2.88776	6556.51
11.6735	2.88776	6735.34
11.7551	2.88776	6886.54
11.8367	2.88776	7011.24
11.9184	2.88776	7111.97
12	2.88776	7192.4
8	2.92857	1319.91
8.08163	2.92857	1365.24
8.16327	2.92857	1411.49
8.2449	2.92857	1458.33
8.32653	2.92857	1505.29
8.40816	2.92857	1551.71
8.4898	2.92857	1596.53
8.57143	2.92857	1638.27
8.65306	2.92857	1675.06
8.73469	2.92857	1705.39
8.81633	2.92857	1728.76
8.89796	2.92857	1746.11
8.97959	2.92857	1758.78
9.06122	2.92857	1767.17
9.14286	2.92857	1772.59
9.22449	2.92857	1777.44
9.30612	2.92857	1784.6
9.38776	2.92857	1796.6
9.46939	2.92857	1815.67
9.55102	2.92857	1843.88
9.63265	2.92857	1882.76
9.71429	2.92857	1933.15
9.79592	2.92857	1995
9.87755	2.92857	2068.14
9.95918	2.92857	2152.34
10.0408	2.92857	2247.6
10.1224	2.92857	2354.16
10.2041	2.92857	2472.61
10.2857	2.92857	2603.94
10.3673	2.92857	2749.31
10.449	2.92857	2910.05
10.5306	2.92857	3087.47
10.6122	2.92857	3282.77
10.6939	2.92857	3496.92
10.7755	2.92857	3730.38
10.8571	2.92857	3982.87
10.9388	2.92857	4252.98
11.0204	2.92857	4537.97
11.102	2.92857	4833.57
11.1837	2.92857	5134.29
11.2653	2.92857	5434.15
11.3469	2.92857	5727.87
11.4286	2.92857	6011.47
11.5102	2.92857	6281.58
11.5918	2.92857	6533.4
11.6735	2.92857	6761.09
11.7551	2.92857	6960.91
11.8367	2.92857	7132.01
11.9184	2.92857	7275.31
12	2.92857	7393.02
8	2.96939	1317.26
8.08163	2.96939	1362.48
8.16327	2.96939	1408.98
8.2449	2.96939	1456.47
8.32653	2.96939	1504.6
8.40816	2.96939	1552.86
8.4898	2.96939	1600.57
8.57143	2.96939	1646.61
8.65306	2.96939	1689.41
8.73469	2.96939	1726.98
8.81633	2.96939	1757.6
8.89796	2.96939	1780.65
8.97959	2.96939	1796.99
9.06122	2.96939	1808.19
9.14286	2.96939	1814.73
9.22449	2.96939	1817.81
9.30612	2.96939	1819.93
9.38776	2.96939	1824.09
9.46939	2.96939	1833
9.55102	2.96939	1848.91
9.63265	2.96939	1874.03
9.71429	2.96939	1909.99
9.79592	2.96939	1957.82
9.87755	2.96939	2017.52
9.95918	2.96939	2088.91
10.0408	2.96939	2171.75
10.1224	2.96939	2265.97
10.2041	2.96939	2371.8
10.2857	2.96939	2489.83
10.3673	2.96939	2621.05
10.449	2.96939	2766.7
10.5306	2.96939	2928.21
10.6122	2.96939	3107.02
10.6939	2.96939	3304.51
10.7755	2.96939	3521.81
10.8571	2.96939	3759.65
10.9388	2.96939	4017.99
11.0204	2.96939	4295.74
11.102	2.96939	4590.42
11.1837	2.96939	4898
11.2653	2.96939	5213.03
11.3469	2.96939	5529.33
11.4286	2.96939	5841.06
11.5102	2.96939	6143.77
11.5918	2.96939	6433.85
11.6735	2.96939	6706.78
11.7551	2.96939	6956.37
11.8367	2.96939	7177.82
11.9184	2.96939	7369.51
12	2.96939	7532.12
8	3.0102	1314.21
8.08163	3.0102	1358.93
8.16327	3.0102	1405.28
8.2449	3.0102	1452.96
8.32653	3.0102	1501.69
8.40816	3.0102	1551.11
8.4898	3.0102	1600.69
8.57143	3.0102	1649.68
8.65306	3.0102	1696.91
8.73469	3.0102	1740.72
8.81633	3.0102	1778.98
8.89796	3.0102	1809.78
8.97959	3.0102	1832.37
9.06122	3.0102	1847.56
9.14286	3.0102	1857.08
9.22449	3.0102	1861.57
9.30612	3.0102	1862.12
9.38776	3.0102	1861.32
9.46939	3.0102	1862.27
9.55102	3.0102	1867.89
9.63265	3.0102	1880.46
9.71429	3.0102	1902.27
9.79592	3.0102	1935.09
9.87755	3.0102	1980.11
9.95918	3.0102	2037.43
10.0408	3.0102	2106.84
10.1224	3.0102	2188.08
10.2041	3.0102	2281.02
10.2857	3.0102	2385.88
10.3673	3.0102	2503.22
10.449	3.0102	2634.07
10.5306	3.0102	2779.74
10.6122	3.0102	2941.71
10.6939	3.0102	3121.59
10.7755	3.0102	3320.88
10.8571	3.0102	3540.95
10.9388	3.0102	3782.72
11.0204	3.0102	4046.41
11.102	3.0102	4331.27
11.1837	3.0102	4635.09
11.2653	3.0102	4954.05
11.3469	3.0102	5282.83
11.4286	3.0102	5615.11
11.5102	3.0102	5944.59
11.5918	3.0102	6266.27
11.6735	3.0102	6576.31
11.7551	3.0102	6870.34
11.8367	3.0102	7142.07
11.9184	3.0102	7385.74
12	3.0102	7598.76
8	3.05102	1311.15
8.08163	3.05102	1355.05
8.16327	3.05102	1400.86
8.2449	3.05102	1448.34
8.32653	3.05102	1497.23
8.40816	3.05102	1547.22
8.4898	3.05102	1597.93
8.57143	3.05102	1648.83
8.65306	3.05102	1699.1
8.73469	3.05102	1747.49
8.81633	3.05102	1792.26
8.89796	3.05102	1831.13
8.97959	3.05102	1861.99
9.06122	3.05102	1883.99
9.14286	3.05102	1897.88
9.22449	3.05102	1905.54
9.30612	3.05102	1907.77
9.38776	3.05102	1905.6
9.46939	3.05102	1901.68
9.55102	3.05102	1899.21
9.63265	3.05102	1901.33
9.71429	3.05102	1910.35
9.79592	3.05102	1928.66
9.87755	3.05102	1958.12
9.95918	3.05102	2000.07
10.0408	3.05102	2054.78
10.1224	3.05102	2121.95
10.2041	3.05102	2201.34
10.2857	3.05102	2292.76
10.3673	3.05102	2396.41
10.449	3.05102	2512.82
10.5306	3.05102	2643.04
10.6122	3.05102	2788.43
10.6939	3.05102	2950.58
10.7755	3.05102	3131.2
10.8571	3.05102	3331.96
10.9388	3.05102	3554.41
11.0204	3.05102	3799.69
11.102	3.05102	4068.3
11.1837	3.05102	4359.72
11.2653	3.05102	4672.1
11.3469	3.05102	5001.88
11.4286	3.05102	5343.84
11.5102	3.05102	5691.6
11.5918	3.05102	6038.52
11.6735	3.05102	6379.04
11.7551	3.05102	6708.94
11.8367	3.05102	7024.03
11.9184	3.05102	7318.06
12	3.05102	7584.45
8	3.09184	1308.42
8.08163	3.09184	1351.18
8.16327	3.09184	1396.15
8.2449	3.09184	1443.06
8.32653	3.09184	1491.71
8.40816	3.09184	1541.82
8.4898	3.09184	1593.09
8.57143	3.09184	1645.12
8.65306	3.09184	1697.35
8.73469	3.09184	1748.9
8.81633	3.09184	1798.44
8.89796	3.09184	1844.12
8.97959	3.09184	1883.53
9.06122	3.09184	1914.34
9.14286	3.09184	1935.59
9.22449	3.09184	1948.04
9.30612	3.09184	1953.66
9.38776	3.09184	1953.44
9.46939	3.09184	1948.35
9.55102	3.09184	1941.1
9.63265	3.09184	1935.02
9.71429	3.09184	1933.42
9.79592	3.09184	1938.7
9.87755	3.09184	1953.27
9.95918	3.09184	1979.14
10.0408	3.09184	2017.78
10.1224	3.09184	2069.61
10.2041	3.09184	2134.3
10.2857	3.09184	2211.6
10.3673	3.09184	2301.26
10.449	3.09184	2403.45
10.5306	3.09184	2518.69
10.6122	3.09184	2648.01
10.6939	3.09184	2792.86
10.7755	3.09184	2954.9
10.8571	3.09184	3135.95
10.9388	3.09184	3337.84
11.0204	3.09184	3562.3
11.102	3.09184	3810.67
11.1837	3.09184	4083.74
11.2653	3.09184	4381.26
11.3469	3.09184	4701.68
11.4286	3.09184	5041.71
11.5102	3.09184	5396.31
11.5918	3.09184	5759.06
11.6735	3.09184	6123.04
11.7551	3.09184	6482.2
11.8367	3.09184	6831.9
11.9184	3.09184	7167.96
12	3.09184	7484.36
8	3.13265	1306.4
8.08163	3.13265	1347.65
8.16327	3.13265	1391.46
8.2449	3.13265	1437.53
8.32653	3.13265	1485.58
8.40816	3.13265	1535.41
8.4898	3.13265	1586.79
8.57143	3.13265	1639.37
8.65306	3.13265	1692.75
8.73469	3.13265	1746.33
8.81633	3.13265	1799.18
8.89796	3.13265	1849.86
8.97959	3.13265	1896.4
9.06122	3.13265	1936.27
9.14286	3.13265	1966.93
9.22449	3.13265	1987.29
9.30612	3.13265	1998.14
9.38776	3.13265	2001.55
9.46939	3.13265	1998.67
9.55102	3.13265	1990.47
9.63265	3.13265	1979.7
9.71429	3.13265	1969.8
9.79592	3.13265	1964.26
9.87755	3.13265	1965.59
9.95918	3.13265	1976.21
10.0408	3.13265	1998.27
10.1224	3.13265	2033.34
10.2041	3.13265	2082.04
10.2857	3.13265	2143.99
10.3673	3.13265	2218.95
10.449	3.13265	2306.62
10.5306	3.13265	2407.1
10.6122	3.13265	2520.91
10.6939	3.13265	2649.09
10.7755	3.13265	2793.12
10.8571	3.13265	2954.78
10.9388	3.13265	3135.96
11.0204	3.13265	3338.66
11.102	3.13265	3564.77
11.1837	3.13265	3815.87
11.2653	3.13265	4092.96
11.3469	3.13265	4396.11
11.4286	3.13265	4724.04
11.5102	3.13265	5073.78
11.5918	3.13265	5440.48
11.6735	3.13265	5817.73
11.7551	3.13265	6198.41
11.8367	3.13265	6575.94
11.9184	3.13265	6945.33
12	3.13265	7302.3
8	3.17347	1305.49
8.08163	3.17347	1344.82
8.16327	3.17347	1387.1
8.2449	3.17347	1432.01
8.32653	3.17347	1479.21
8.40816	3.17347	1528.45
8.4898	3.17347	1579.51
8.57143	3.17347	1632.18
8.65306	3.17347	1686.12
8.73469	3.17347	1740.88
8.81633	3.17347	1795.84
8.89796	3.17347	1850
8.97959	3.17347	1901.83
9.06122	3.17347	1949.2
9.14286	3.17347	1989.46
9.22449	3.17347	2019.86
9.30612	3.17347	2039.18
9.38776	3.17347	2048.29
9.46939	3.17347	2049.32
9.55102	3.17347	2043.61
9.63265	3.17347	2032.09
9.71429	3.17347	2017.61
9.79592	3.17347	2003.69
9.87755	3.17347	1993.99
9.95918	3.17347	1991.17
10.0408	3.17347	1997.61
10.1224	3.17347	2015.62
10.2041	3.17347	2046.87
10.2857	3.17347	2092.17
10.3673	3.17347	2151.14
10.449	3.17347	2223.51
10.5306	3.17347	2308.94
10.6122	3.17347	2407.47
10.6939	3.17347	2519.63
10.7755	3.17347	2646.41
10.8571	3.17347	2789.37
10.9388	3.17347	2950.35
11.0204	3.17347	3131.37
11.102	3.17347	3334.57
11.1837	3.17347	3561.99
11.2653	3.17347	3815.44
11.3469	3.17347	4096.16
11.4286	3.17347	4404.49
11.5102	3.17347	4739.44
11.5918	3.17347	5098.36
11.6735	3.17347	5476.63
11.7551	3.17347	5867.9
11.8367	3.17347	6264.88
11.9184	3.17347	6660.58
12	3.17347	7049.47
8	3.21429	1306.09
8.08163	3.21429	1343.1
8.16327	3.21429	1383.44
8.2449	3.21429	1426.81
8.32653	3.21429	1472.85
8.40816	3.21429	1521.25
8.4898	3.21429	1571.71
8.57143	3.21429	1624.04
8.65306	3.21429	1678.05
8.73469	3.21429	1733.4
8.81633	3.21429	1789.59
8.89796	3.21429	1845.98
8.97959	3.21429	1901.49
9.06122	3.21429	1954.45
9.14286	3.21429	2002.62
9.22449	3.21429	2043.19
9.30612	3.21429	2073.23
9.38776	3.21429	2091.39
9.46939	3.21429	2098.61
9.55102	3.21429	2097.12
9.63265	3.21429	2088.38
9.71429	3.21429	2073.36
9.79592	3.21429	2054.98
9.87755	3.21429	2036.85
9.95918	3.21429	2022.78
10.0408	3.21429	2015.59
10.1224	3.21429	2017.63
10.2041	3.21429	2031.35
10.2857	3.21429	2058.52
10.3673	3.21429	2100.15
10.449	3.21429	2155.9
10.5306	3.21429	2225.43
10.6122	3.21429	2308.38
10.6939	3.21429	2404.73
10.7755	3.21429	2514.99
10.8571	3.21429	2640.15
10.9388	3.21429	2781.78
11.0204	3.21429	2941.82
11.102	3.21429	3122.39
11.1837	3.21429	3325.77
11.2653	3.21429	3554.18
11.3469	3.21429	3809.61
11.4286	3.21429	4093.57
11.5102	3.21429	4406.65
11.5918	3.21429	4748.17
11.6735	3.21429	5115.76
11.7551	3.21429	5505.07
11.8367	3.21429	5909.84
11.9184	3.21429	6322.71
12	3.21429	6736.3
8	3.2551	1308.59
8.08163	3.2551	1342.89
8.16327	3.2551	1380.87
8.2449	3.2551	1422.29
8.32653	3.2551	1466.8
8.40816	3.2551	1514.03
8.4898	3.2551	1563.67
8.57143	3.2551	1615.42
8.65306	3.2551	1669.08
8.73469	3.2551	1724.48
8.81633	3.2551	1781.29
8.89796	3.2551	1838.98
8.97959	3.2551	1896.83
9.06122	3.2551	1953.72
9.14286	3.2551	2007.85
9.22449	3.2551	2056.79
9.30612	3.2551	2097.6
9.38776	3.2551	2127.18
9.46939	3.2551	2144.05
9.55102	3.2551	2149.23
9.63265	3.2551	2145.07
9.71429	3.2551	2133.13
9.79592	3.2551	2114.43
9.87755	3.2551	2091.96
9.95918	3.2551	2069.45
10.0408	3.2551	2050.79
10.1224	3.2551	2039.03
10.2041	3.2551	2036.45
10.2857	3.2551	2045.63
10.3673	3.2551	2068.47
10.449	3.2551	2106.16
10.5306	3.2551	2158.43
10.6122	3.2551	2224.86
10.6939	3.2551	2305.1
10.7755	3.2551	2399.05
10.8571	3.2551	2507.17
10.9388	3.2551	2630.48
11.0204	3.2551	2770.54
11.102	3.2551	2929.38
11.1837	3.2551	3109.24
11.2653	3.2551	3312.5
11.3469	3.2551	3541.57
11.4286	3.2551	3798.64
11.5102	3.2551	4085.44
11.5918	3.2551	4402.87
11.6735	3.2551	4750.51
11.7551	3.2551	5126.27
11.8367	3.2551	5526.11
11.9184	3.2551	5943.92
12	3.2551	6372.25
8	3.29592	1313.22
8.08163	3.29592	1344.6
8.16327	3.29592	1379.81
8.2449	3.29592	1418.83
8.32653	3.29592	1461.39
8.40816	3.29592	1507.11
8.4898	3.29592	1555.59
8.57143	3.29592	1606.52
8.65306	3.29592	1659.62
8.73469	3.29592	1714.67
8.81633	3.29592	1771.52
8.89796	3.29592	1829.86
8.97959	3.29592	1889.12
9.06122	3.29592	1948.5
9.14286	3.29592	2006.81
9.22449	3.29592	2062.12
9.30612	3.29592	2111.81
9.38776	3.29592	2152.79
9.46939	3.29592	2181.82
9.55102	3.29592	2197.27
9.63265	3.29592	2200.28
9.71429	3.29592	2193.32
9.79592	3.29592	2178.02
9.87755	3.29592	2155.48
9.95918	3.29592	2128.74
10.0408	3.29592	2101.67
10.1224	3.29592	2078.22
10.2041	3.29592	2061.67
10.2857	3.29592	2054.26
10.3673	3.29592	2058.67
10.449	3.29592	2076.91
10.5306	3.29592	2110.39
10.6122	3.29592	2158.91
10.6939	3.29592	2222.01
10.7755	3.29592	2299.31
10.8571	3.29592	2390.61
10.9388	3.29592	2496.39
11.0204	3.29592	2617.61
11.102	3.29592	2755.88
11.1837	3.29592	2913.28
11.2653	3.29592	3092.15
11.3469	3.29592	3295
11.4286	3.29592	3524.43
11.5102	3.29592	3782.8
11.5918	3.29592	4072.05
11.6735	3.29592	4393.38
11.7551	3.29592	4746.69
11.8367	3.29592	5130.2
11.9184	3.29592	5540.08
12	3.29592	5970.45
8	3.33673	1320.05
8.08163	3.33673	1348.5
8.16327	3.33673	1380.69
8.2449	3.33673	1416.88
8.32653	3.33673	1457.02
8.40816	3.33673	1500.8
8.4898	3.33673	1547.79
8.57143	3.33673	1597.58
8.65306	3.33673	1649.86
8.73469	3.33673	1704.37
8.81633	3.33673	1760.89
8.89796	3.33673	1819.27
8.97959	3.33673	1879.21
9.06122	3.33673	1940.1
9.14286	3.33673	2001.08
9.22449	3.33673	2060.86
9.30612	3.33673	2117.38
9.38776	3.33673	2167.81
9.46939	3.33673	2208.9
9.55102	3.33673	2237.29
9.63265	3.33673	2251.21
9.71429	3.33673	2251.92
9.79592	3.33673	2242.03
9.87755	3.33673	2223.24
9.95918	3.33673	2196.69
10.0408	3.33673	2165.52
10.1224	3.33673	2133.71
10.2041	3.33673	2105.29
10.2857	3.33673	2083.73
10.3673	3.33673	2071.28
10.449	3.33673	2070.67
10.5306	3.33673	2084.06
10.6122	3.33673	2113.05
10.6939	3.33673	2157.58
10.7755	3.33673	2217.09
10.8571	3.33673	2291.2
10.9388	3.33673	2379.65
11.0204	3.33673	2482.85
11.102	3.33673	2601.77
11.1837	3.33673	2738.03
11.2653	3.33673	2893.73
11.3469	3.33673	3071.36
11.4286	3.33673	3273.53
11.5102	3.33673	3502.99
11.5918	3.33673	3762.32
11.6735	3.33673	4053.69
11.7551	3.33673	4378.52
11.8367	3.33673	4737.07
11.9184	3.33673	5127.82
12	3.33673	5547.26
8	3.37755	1328.79
8.08163	3.37755	1354.68
8.16327	3.37755	1383.8
8.2449	3.37755	1416.87
8.32653	3.37755	1454.13
8.40816	3.37755	1495.47
8.4898	3.37755	1540.54
8.57143	3.37755	1588.87
8.65306	3.37755	1640.05
8.73469	3.37755	1693.75
8.81633	3.37755	1749.73
8.89796	3.37755	1807.8
8.97959	3.37755	1867.79
9.06122	3.37755	1929.41
9.14286	3.37755	1992.03
9.22449	3.37755	2054.68
9.30612	3.37755	2115.98
9.38776	3.37755	2173.75
9.46939	3.37755	2224.92
9.55102	3.37755	2266.06
9.63265	3.37755	2293.71
9.71429	3.37755	2306.01
9.79592	3.37755	2304.31
9.87755	3.37755	2291.39
9.95918	3.37755	2268.98
10.0408	3.37755	2238.27
10.1224	3.37755	2202.5
10.2041	3.37755	2165.82
10.2857	3.37755	2132.24
10.3673	3.37755	2105.46
10.449	3.37755	2087.77
10.5306	3.37755	2081.89
10.6122	3.37755	2090.17
10.6939	3.37755	2114.37
10.7755	3.37755	2154.65
10.8571	3.37755	2210.31
10.9388	3.37755	2281
11.0204	3.37755	2366.37
11.102	3.37755	2466.79
11.1837	3.37755	2583.19
11.2653	3.37755	2717.2
11.3469	3.37755	2871
11.4286	3.37755	3047.13
11.5102	3.37755	3248.35
11.5918	3.37755	3477.55
11.6735	3.37755	3737.5
11.7551	3.37755	4030.62
11.8367	3.37755	4358.57
11.9184	3.37755	4721.86
12	3.37755	5119.39
8	3.41837	1338.84
8.08163	3.41837	1362.87
8.16327	3.41837	1389.28
8.2449	3.41837	1419.15
8.32653	3.41837	1453.2
8.40816	3.41837	1491.6
8.4898	3.41837	1534.22
8.57143	3.41837	1580.65
8.65306	3.41837	1630.41
8.73469	3.41837	1683.04
8.81633	3.41837	1738.23
8.89796	3.41837	1795.77
8.97959	3.41837	1855.47
9.06122	3.41837	1917.17
9.14286	3.41837	1980.57
9.22449	3.41837	2045
9.30612	3.41837	2109.4
9.38776	3.41837	2172.29
9.46939	3.41837	2231.34
9.55102	3.41837	2283.27
9.63265	3.41837	2324.41
9.71429	3.41837	2351.24
9.79592	3.41837	2361.83
9.87755	3.41837	2357.63
9.95918	3.41837	2341.57
10.0408	3.41837	2315.43
10.1224	3.41837	2280.45
10.2041	3.41837	2239.94
10.2857	3.41837	2198.21
10.3673	3.41837	2159.32
10.449	3.41837	2127.12
10.5306	3.41837	2103.97
10.6122	3.41837	2092.59
10.6939	3.41837	2095.49
10.7755	3.41837	2114.62
10.8571	3.41837	2150.35
10.9388	3.41837	2201.93
11.0204	3.41837	2268.95
11.102	3.41837	2351.02
11.1837	3.41837	2448.44
11.2653	3.41837	2562.12
11.3469	3.41837	2693.67
11.4286	3.41837	2845.33
11.5102	3.41837	3019.71
11.5918	3.41837	3219.7
11.6735	3.41837	3448.34
11.7551	3.41837	3708.59
11.8367	3.41837	4003.1
11.9184	3.41837	4333.77
12	3.41837	4701.41
8	3.45918	1349.59
8.08163	3.45918	1372.52
8.16327	3.45918	1396.89
8.2449	3.45918	1423.88
8.32653	3.45918	1454.58
8.40816	3.45918	1489.69
8.4898	3.45918	1529.33
8.57143	3.45918	1573.32
8.65306	3.45918	1621.2
8.73469	3.45918	1672.46
8.81633	3.45918	1726.62
8.89796	3.45918	1783.38
8.97959	3.45918	1842.55
9.06122	3.45918	1903.98
9.14286	3.45918	1967.48
9.22449	3.45918	2032.76
9.30612	3.45918	2099.11
9.38776	3.45918	2165.37
9.46939	3.45918	2229.92
9.55102	3.45918	2290.29
9.63265	3.45918	2342.98
9.71429	3.45918	2384.11
9.79592	3.45918	2410.03
9.87755	3.45918	2418.83
9.95918	3.45918	2412.06
10.0408	3.45918	2392.79
10.1224	3.45918	2362.82
10.2041	3.45918	2323.46
10.2857	3.45918	2278.08
10.3673	3.45918	2231.17
10.449	3.45918	2186.81
10.5306	3.45918	2148.99
10.6122	3.45918	2120.18
10.6939	3.45918	2103.06
10.7755	3.45918	2100.31
10.8571	3.45918	2114.06
10.9388	3.45918	2144.96
11.0204	3.45918	2192.18
11.102	3.45918	2255.3
11.1837	3.45918	2333.84
11.2653	3.45918	2428.05
11.3469	3.45918	2538.8
11.4286	3.45918	2667.69
11.5102	3.45918	2816.98
11.5918	3.45918	2989.37
11.6735	3.45918	3187.86
11.7551	3.45918	3415.64
11.8367	3.45918	3675.84
11.9184	3.45918	3971.35
12	3.45918	4304.35
8	3.5	1360.34
8.08163	3.5	1382.99
8.16327	3.5	1406.09
8.2449	3.5	1430.87
8.32653	3.5	1458.5
8.40816	3.5	1490.14
8.4898	3.5	1526.4
8.57143	3.5	1567.37
8.65306	3.5	1612.8
8.73469	3.5	1662.21
8.81633	3.5	1715.06
8.89796	3.5	1770.84
8.97959	3.5	1829.25
9.06122	3.5	1890.14
9.14286	3.5	1953.39
9.22449	3.5	2018.82
9.30612	3.5	2086.09
9.38776	3.5	2154.47
9.46939	3.5	2222.68
9.55102	3.5	2288.97
9.63265	3.5	2350.72
9.71429	3.5	2404.2
9.79592	3.5	2445.29
9.87755	3.5	2470.26
9.95918	3.5	2477.2
10.0408	3.5	2467.79
10.1224	3.5	2445.25
10.2041	3.5	2411.37
10.2857	3.5	2367.56
10.3673	3.5	2317.2
10.449	3.5	2264.98
10.5306	3.5	2215
10.6122	3.5	2171.38
10.6939	3.5	2136.7
10.7755	3.5	2113.6
10.8571	3.5	2104.93
10.9388	3.5	2112.99
11.0204	3.5	2138.74
11.102	3.5	2181.35
11.1837	3.5	2240.29
11.2653	3.5	2315.08
11.3469	3.5	2405.86
11.4286	3.5	2513.49
11.5102	3.5	2639.51
11.5918	3.5	2786.2
11.6735	3.5	2956.36
11.7551	3.5	3153.09
11.8367	3.5	3379.71
11.9184	3.5	3639.54
12	3.5	3935.65
